# Matter power spectrum P(k) at redshift z=2.4
# for k=1.03955e-05 to 53.1956 h/Mpc,
# number of wavenumbers equal to 620
#    1:k (h/Mpc)              2:P (Mpc/h)^3        
       1.039554593366e-05       7.126869828448e+00 
       2.321625872476e-05       1.542521115549e+01 
       3.608162361189e-05       2.356405357539e+01 
       4.902593216740e-05       3.163644306116e+01 
       6.208403777342e-05       3.969441319538e+01 
       7.529166351078e-05       4.777640569357e+01 
       8.868571980328e-05       5.591493525598e+01 
       1.023046360059e-04       6.413971084129e+01 
       1.161887101575e-04       7.247922420453e+01 
       1.303804811523e-04       8.096170169784e+01 
       1.449251275914e-04       8.961575666659e+01 
       1.598708975225e-04       9.847088966976e+01 
       1.752695731100e-04       1.075579112795e+02 
       1.911769739295e-04       1.169093221928e+02 
       2.076535019659e-04       1.265596760048e+02 
       2.247647303764e-04       1.365459342698e+02 
       2.425820365134e-04       1.469078217084e+02 
       2.611832773708e-04       1.576881835044e+02 
       2.806535022682e-04       1.689333421069e+02 
       3.010856929055e-04       1.806934490386e+02 
       3.225815145524e-04       1.930228208932e+02 
       3.452520536855e-04       2.059802428236e+02 
       3.692185065006e-04       2.196292188201e+02 
       3.946127691316e-04       2.340381368096e+02 
       4.215778641091e-04       2.492803099198e+02 
       4.502681190242e-04       2.654338452616e+02 
       4.808489937476e-04       2.825812796646e+02 
       5.134964341804e-04       3.008089174121e+02 
       5.483956171584e-04       3.202057990438e+02 
       5.857389482102e-04       3.408622307888e+02 
       6.257231883267e-04       3.628678295882e+02 
       6.685456253480e-04       3.863090516434e+02 
       7.143992765011e-04       4.112662381332e+02 
       7.634672135018e-04       4.378102642173e+02 
       8.159162353344e-04       4.659989669089e+02 
       8.718902605670e-04       4.958735996087e+02 
       9.315039436829e-04       5.274556248025e+02 
       9.948371036618e-04       5.607441990282e+02 
       1.061930554494e-03       5.957146453282e+02 
       1.132783826807e-03       6.323181667107e+02 
       1.207355072330e-03       6.704828509346e+02 
       1.285563181864e-03       7.101159380393e+02 
       1.367291876660e-03       7.511052046475e+02 
       1.452395310759e-03       7.933244250877e+02 
       1.540704590804e-03       8.366436582477e+02 
       1.632034595892e-03       8.809240562345e+02 
       1.726190550459e-03       9.260253224435e+02 
       1.822973935770e-03       9.718089955755e+02 
       1.922187482213e-03       1.018141143387e+03 
       2.023639132649e-03       1.064894396368e+03 
       2.127144985949e-03       1.111949426188e+03 
       2.232531311321e-03       1.159195845995e+03 
       2.339635769667e-03       1.206532639307e+03 
       2.448307994782e-03       1.253868438009e+03 
       2.558409683680e-03       1.301120876666e+03 
       2.669814329643e-03       1.348216628092e+03 
       2.782406710372e-03       1.395090661195e+03 
       2.896082221162e-03       1.441685722029e+03 
       3.010746122088e-03       1.487950243619e+03 
       3.126312750042e-03       1.533840871065e+03 
       3.242704731602e-03       1.579318858044e+03 
       3.359852221003e-03       1.624350420120e+03 
       3.477692178583e-03       1.668906787630e+03 
       3.596167698542e-03       1.712962805452e+03 
       3.715227390163e-03       1.756497536415e+03 
       3.834824813398e-03       1.799492442060e+03 
       3.954917967587e-03       1.841932479011e+03 
       4.075468830736e-03       1.883804813524e+03 
       4.196442945959e-03       1.925098454027e+03 
       4.317809051348e-03       1.965805037416e+03 
       4.439538749395e-03       2.005917667506e+03 
       4.561606212177e-03       2.045430692979e+03 
       4.683987918652e-03       2.084340051775e+03 
       4.806662420714e-03       2.122642836504e+03 
       4.929610134858e-03       2.160337351212e+03 
       5.052813156653e-03       2.197422716820e+03 
       5.176255095446e-03       2.233899591702e+03 
       5.299920927018e-03       2.269768348491e+03 
       5.423796862150e-03       2.305029511071e+03 
       5.547870229274e-03       2.339687277634e+03 
       5.672129369620e-03       2.373742428388e+03 
       5.796563543411e-03       2.407198781753e+03 
       5.921162845873e-03       2.440059525753e+03 
       6.045918131938e-03       2.472329229620e+03 
       6.170820948655e-03       2.504010133025e+03 
       6.295863474469e-03       2.535107743174e+03 
       6.421038464583e-03       2.565625576234e+03 
       6.546339201744e-03       2.595568514271e+03 
       6.671759451864e-03       2.624942041539e+03 
       6.797293423941e-03       2.653750333833e+03 
       6.922935733829e-03       2.681997473465e+03 
       7.048681371440e-03       2.709690480666e+03 
       7.174525671028e-03       2.736832672837e+03 
       7.300464284221e-03       2.763429634648e+03 
       7.426493155525e-03       2.789488080820e+03 
       7.552608500044e-03       2.815013085371e+03 
       7.678806783202e-03       2.840008239731e+03 
       7.805084702251e-03       2.864477703462e+03 
       7.931439169404e-03       2.888453521379e+03 
       8.057867296419e-03       2.911958944360e+03 
       8.184366380511e-03       2.934926999374e+03 
       8.310933891452e-03       2.957352100702e+03 
       8.437567459747e-03       2.979283640470e+03 
       8.564264865796e-03       3.000722276303e+03 
       8.691024029938e-03       3.021679590568e+03 
       8.817843003303e-03       3.042157454095e+03 
       8.944719959402e-03       3.062160943520e+03 
       9.071653186381e-03       3.081693661035e+03 
       9.198641079881e-03       3.100763608153e+03 
       9.325682136463e-03       3.119374783731e+03 
       9.452774947534e-03       3.137527916729e+03 
       9.579918193735e-03       3.155235522706e+03 
       9.707110639761e-03       3.172497373239e+03 
       9.834351129567e-03       3.189324205314e+03 
       9.961638581928e-03       3.205713055694e+03 
       1.008897198633e-02       3.221673315922e+03 
       1.021635039917e-02       3.237212128396e+03 
       1.034377294021e-02       3.252330784460e+03 
       1.047123878932e-02       3.267036694856e+03 
       1.059874718342e-02       3.281334303779e+03 
       1.072629741368e-02       3.295226536586e+03 
       1.085388882286e-02       3.308719358193e+03 
       1.098152080293e-02       3.321819517507e+03 
       1.110919279274e-02       3.334527582981e+03 
       1.123690427598e-02       3.346850527956e+03 
       1.136465477916e-02       3.358790928603e+03 
       1.149244386983e-02       3.370355092285e+03 
       1.162027115487e-02       3.381545928775e+03 
       1.174813627892e-02       3.392370276688e+03 
       1.187603892289e-02       3.402824301134e+03 
       1.200397880263e-02       3.412929533225e+03 
       1.213195566765e-02       3.422673828434e+03 
       1.225996929991e-02       3.432067657266e+03 
       1.238801951276e-02       3.441114425092e+03 
       1.251610614994e-02       3.449818357217e+03 
       1.264422908455e-02       3.458183241922e+03 
       1.277238821826e-02       3.466215006801e+03 
       1.290058348047e-02       3.473915999099e+03 
       1.302881482753e-02       3.481290609688e+03 
       1.315708224209e-02       3.488341756165e+03 
       1.328538573239e-02       3.495070850119e+03 
       1.341372533177e-02       3.501496548931e+03 
       1.354210109800e-02       3.507605496085e+03 
       1.367051311290e-02       3.513406914413e+03 
       1.379896148180e-02       3.518907224949e+03 
       1.392744633314e-02       3.524105692539e+03 
       1.405596781811e-02       3.529010640639e+03 
       1.418452611030e-02       3.533622080717e+03 
       1.431312140538e-02       3.537945500055e+03 
       1.444175392083e-02       3.541984349350e+03 
       1.457042389569e-02       3.545741965963e+03 
       1.469913159036e-02       3.549221228539e+03 
       1.482787728638e-02       3.552427740697e+03 
       1.495666128631e-02       3.555362223592e+03 
       1.508548391358e-02       3.558036542653e+03 
       1.521434551237e-02       3.560440322527e+03 
       1.534324644752e-02       3.562584541518e+03 
       1.547218710453e-02       3.564479545675e+03 
       1.560116788943e-02       3.566120422104e+03 
       1.573018922884e-02       3.567509399467e+03 
       1.585925156992e-02       3.568654239837e+03 
       1.598835538045e-02       3.569554647866e+03 
       1.611750114883e-02       3.570215059993e+03 
       1.624668938416e-02       3.570638357901e+03 
       1.637592061632e-02       3.570827824981e+03 
       1.650519539609e-02       3.570788817882e+03 
       1.663451429525e-02       3.570523156948e+03 
       1.676387790673e-02       3.570029068539e+03 
       1.689328684478e-02       3.569320615226e+03 
       1.702274174510e-02       3.568391723430e+03 
       1.715224326507e-02       3.567249331613e+03 
       1.728179208396e-02       3.565893687278e+03 
       1.741138890313e-02       3.564330731100e+03 
       1.754103444628e-02       3.562564114673e+03 
       1.767072945972e-02       3.560593504040e+03 
       1.780047471265e-02       3.558425488551e+03 
       1.793027099742e-02       3.556058943462e+03 
       1.806011912987e-02       3.553499459269e+03 
       1.819001994964e-02       3.550746841601e+03 
       1.831997432051e-02       3.547814983605e+03 
       1.844998313077e-02       3.544689872988e+03 
       1.858004729358e-02       3.541385704831e+03 
       1.871016774738e-02       3.537906906242e+03 
       1.884034545629e-02       3.534245504023e+03 
       1.897058141053e-02       3.530412202434e+03 
       1.910087662686e-02       3.526410016537e+03 
       1.923123214907e-02       3.522237055966e+03 
       1.936164904842e-02       3.517899882795e+03 
       1.949212842419e-02       3.513393084784e+03 
       1.962267140414e-02       3.508741132889e+03 
       1.975327914506e-02       3.503918147113e+03 
       1.988395283336e-02       3.498949879704e+03 
       2.001469368562e-02       3.493821009471e+03 
       2.014550294914e-02       3.488549340399e+03 
       2.027638190265e-02       3.483131015251e+03 
       2.040733185685e-02       3.477560219713e+03 
       2.053835415511e-02       3.471856996796e+03 
       2.066945017417e-02       3.466011915309e+03 
       2.080062132478e-02       3.460026302210e+03 
       2.093186905248e-02       3.453904304523e+03 
       2.106319483831e-02       3.447655647134e+03 
       2.119460019958e-02       3.441274418317e+03 
       2.132608669070e-02       3.434765833577e+03 
       2.145765590396e-02       3.428134090517e+03 
       2.158930947039e-02       3.421376841952e+03 
       2.172104906064e-02       3.414499312772e+03 
       2.185287638586e-02       3.407506023707e+03 
       2.198479319866e-02       3.400389559081e+03 
       2.211680129404e-02       3.393174541222e+03 
       2.224890251037e-02       3.385844495545e+03 
       2.238109873044e-02       3.378393230738e+03 
       2.251339188248e-02       3.370843484246e+03 
       2.264578394127e-02       3.363186656717e+03 
       2.277827692923e-02       3.355427165377e+03 
       2.291087291758e-02       3.347578568538e+03 
       2.304357402754e-02       3.339615461788e+03 
       2.317638243154e-02       3.331560458245e+03 
       2.330930035449e-02       3.323416480695e+03 
       2.344233007508e-02       3.315190441208e+03 
       2.357547392713e-02       3.306854640291e+03 
       2.370873430097e-02       3.298441550966e+03 
       2.384211364487e-02       3.289936926519e+03 
       2.397561446655e-02       3.281351586475e+03 
       2.410923933465e-02       3.272683263405e+03 
       2.424299088034e-02       3.263938662979e+03 
       2.437687179893e-02       3.255110646947e+03 
       2.451088485157e-02       3.246207589413e+03 
       2.464503286695e-02       3.237234008262e+03 
       2.477931874311e-02       3.228183840029e+03 
       2.491374544928e-02       3.219059927788e+03 
       2.504831602780e-02       3.209869719195e+03 
       2.518303359606e-02       3.200620161376e+03 
       2.531790134858e-02       3.191302435331e+03 
       2.545292255909e-02       3.181912112443e+03 
       2.558810058270e-02       3.172465973578e+03 
       2.572343885821e-02       3.162964503060e+03 
       2.585894091033e-02       3.153397681420e+03 
       2.599461035220e-02       3.143774461269e+03 
       2.613045088782e-02       3.134098950554e+03 
       2.626646631462e-02       3.124368899722e+03 
       2.640266052619e-02       3.114586624581e+03 
       2.653903751497e-02       3.104751508419e+03 
       2.667560137515e-02       3.094877121225e+03 
       2.681235630561e-02       3.084944231149e+03 
       2.694930661304e-02       3.074980638968e+03 
       2.708645671503e-02       3.064960458572e+03 
       2.722381114346e-02       3.054887371214e+03 
       2.736137454784e-02       3.044791597798e+03 
       2.749915169889e-02       3.034639791902e+03 
       2.763714749221e-02       3.024468420491e+03 
       2.777536695208e-02       3.014250417532e+03 
       2.791381523543e-02       3.004003239679e+03 
       2.805249763591e-02       2.993712706755e+03 
       2.819141958821e-02       2.983387131850e+03 
       2.833058667240e-02       2.973036485736e+03 
       2.847000461863e-02       2.962655132013e+03 
       2.860967931181e-02       2.952242750672e+03 
       2.874961679664e-02       2.941801005193e+03 
       2.888982328275e-02       2.931328831743e+03 
       2.903030515006e-02       2.920842211621e+03 
       2.917106895438e-02       2.910328266027e+03 
       2.931212143323e-02       2.899790541314e+03 
       2.945346951187e-02       2.889221704841e+03 
       2.959512030961e-02       2.878644035497e+03 
       2.973708114638e-02       2.868042901557e+03 
       2.987935954958e-02       2.857418259897e+03 
       3.002196326119e-02       2.846775112499e+03 
       3.016490024521e-02       2.836123596540e+03 
       3.030817869544e-02       2.825453149090e+03 
       3.045180704355e-02       2.814765162554e+03 
       3.059579396754e-02       2.804069896502e+03 
       3.074014840054e-02       2.793351285010e+03 
       3.088487954009e-02       2.782629615136e+03 
       3.102999685771e-02       2.771900861801e+03 
       3.117551010899e-02       2.761144083568e+03 
       3.132142934416e-02       2.750391658288e+03 
       3.146776491904e-02       2.739630360593e+03 
       3.161452750668e-02       2.728852367076e+03 
       3.176172810933e-02       2.718082847369e+03 
       3.190937807119e-02       2.707296611900e+03 
       3.205748909164e-02       2.696514510353e+03 
       3.220607323913e-02       2.685715370763e+03 
       3.235514296583e-02       2.674918364438e+03 
       3.250471112290e-02       2.664117646617e+03 
       3.265479097661e-02       2.653312933569e+03 
       3.280539622520e-02       2.642500766766e+03 
       3.295654101666e-02       2.631699218026e+03 
       3.310823996743e-02       2.620884296911e+03 
       3.326050818198e-02       2.610084200000e+03 
       3.341336127357e-02       2.599274711305e+03 
       3.356681538599e-02       2.588468670444e+03 
       3.372088721650e-02       2.577656673011e+03 
       3.387559404007e-02       2.566856067915e+03 
       3.403095373488e-02       2.556050208675e+03 
       3.418698480928e-02       2.545249245742e+03 
       3.434370643024e-02       2.534461310133e+03 
       3.450113845343e-02       2.523666645849e+03 
       3.465930145501e-02       2.512884694597e+03 
       3.481821676531e-02       2.502093645097e+03 
       3.497790650440e-02       2.491312941898e+03 
       3.513839361987e-02       2.480540051801e+03 
       3.529970192680e-02       2.469774337157e+03 
       3.546185615025e-02       2.459008544504e+03 
       3.562488197025e-02       2.448251393587e+03 
       3.578880606969e-02       2.437492949648e+03 
       3.595365618517e-02       2.426740143440e+03 
       3.611946116117e-02       2.415998967156e+03 
       3.628625100759e-02       2.405258402889e+03 
       3.645405696120e-02       2.394535083315e+03 
       3.662291155106e-02       2.383805292611e+03 
       3.679284866841e-02       2.373087343569e+03 
       3.696390364122e-02       2.362373557682e+03 
       3.713611331400e-02       2.351671009526e+03 
       3.730951613305e-02       2.340968882696e+03 
       3.748415223790e-02       2.330277785676e+03 
       3.766006355916e-02       2.319581749966e+03 
       3.783729392360e-02       2.308901287355e+03 
       3.801588916695e-02       2.298218760361e+03 
       3.819589725515e-02       2.287541221433e+03 
       3.837736841482e-02       2.276876160845e+03 
       3.856035527375e-02       2.266208521841e+03 
       3.874491301246e-02       2.255541319977e+03 
       3.893109952773e-02       2.244882938314e+03 
       3.911897560932e-02       2.234223531590e+03 
       3.930860513123e-02       2.223575088970e+03 
       3.950005525877e-02       2.212921539063e+03 
       3.969339667327e-02       2.202270405990e+03 
       3.988870381591e-02       2.191622080151e+03 
       4.008605515304e-02       2.180968820124e+03 
       4.028553346491e-02       2.170314024739e+03 
       4.048722616051e-02       2.159661863910e+03 
       4.069122562140e-02       2.149011547923e+03 
       4.089762957753e-02       2.138345297618e+03 
       4.110654151897e-02       2.127685980749e+03 
       4.131807114740e-02       2.117013787893e+03 
       4.153233487216e-02       2.106335548591e+03 
       4.174945635618e-02       2.095648482406e+03 
       4.196956711777e-02       2.084956431628e+03 
       4.219280719523e-02       2.074248747709e+03 
       4.241932588217e-02       2.063526952882e+03 
       4.264928254266e-02       2.052797576868e+03 
       4.288284751670e-02       2.042046474927e+03 
       4.312020312800e-02       2.031277887437e+03 
       4.336154480817e-02       2.020493367164e+03 
       4.360708235341e-02       2.009685941566e+03 
       4.385704133272e-02       1.998852973254e+03 
       4.411166466950e-02       1.987991704893e+03 
       4.437121442248e-02       1.977103084391e+03 
       4.463597379617e-02       1.966180661359e+03 
       4.490624941661e-02       1.955222409329e+03 
       4.518237391452e-02       1.944227417853e+03 
       4.546470886602e-02       1.933192857659e+03 
       4.575364815048e-02       1.922104156775e+03 
       4.604962179678e-02       1.910971548289e+03 
       4.635310040348e-02       1.899779289252e+03 
       4.666460023582e-02       1.888531324822e+03 
       4.698468912418e-02       1.877211446508e+03 
       4.731399331514e-02       1.865828575458e+03 
       4.765320545965e-02       1.854360606130e+03 
       4.800309396416e-02       1.842810592139e+03 
       4.836451398262e-02       1.831163042186e+03 
       4.873842039279e-02       1.819416651475e+03 
       4.912588318267e-02       1.807554520765e+03 
       4.952810577815e-02       1.795569599479e+03 
       4.994644697591e-02       1.783444834765e+03 
       5.038244731550e-02       1.771168126782e+03 
       5.083786094101e-02       1.758724409317e+03 
       5.131469427834e-02       1.746094242069e+03 
       5.181525320399e-02       1.733248457355e+03 
       5.234220082169e-02       1.720163651835e+03 
       5.289862851019e-02       1.706808523842e+03 
       5.348814356721e-02       1.693146305094e+03 
       5.411497753953e-02       1.679122474221e+03 
       5.478412013664e-02       1.664689144131e+03 
       5.550148430854e-02       1.649767083690e+03 
       5.627410824320e-02       1.634272299712e+03 
       5.711039889327e-02       1.618082143062e+03 
       5.802041754952e-02       1.601043670849e+03 
       5.901619785973e-02       1.582963871449e+03 
       6.011206507084e-02       1.563573531386e+03 
       6.132488337632e-02       1.542526293030e+03 
       6.267408469701e-02       1.519343206537e+03 
       6.418122002103e-02       1.493408162911e+03 
       6.586864445081e-02       1.463926962680e+03 
       6.775689885323e-02       1.429947238027e+03 
       6.986061636220e-02       1.390434155569e+03 
       7.218363809309e-02       1.344499845952e+03 
       7.471532286577e-02       1.291689255639e+03 
       7.743061359448e-02       1.232350909975e+03 
       8.029481089186e-02       1.167786716676e+03 
       8.327090758802e-02       1.100144501822e+03 
       8.632586216219e-02       1.032040311673e+03 
       8.943371231427e-02       9.661095423925e+02 
       9.257581503174e-02       9.046247328673e+02 
       9.573957740130e-02       8.492501000152e+02 
       9.891682772534e-02       8.009574029610e+02 
       1.021023973755e-01       7.600350915694e+02 
       1.052930691554e-01       7.261791442887e+02 
       1.084868602137e-01       6.986192185049e+02 
       1.116825557654e-01       6.762424132524e+02 
       1.148794142178e-01       6.577311636035e+02 
       1.180769837523e-01       6.416922145913e+02 
       1.212749893616e-01       6.267761476009e+02 
       1.244732636930e-01       6.117964866769e+02 
       1.276717048613e-01       5.958303011540e+02 
       1.308702507698e-01       5.782790634244e+02 
       1.340688634988e-01       5.589051481170e+02 
       1.372675198226e-01       5.378159495606e+02 
       1.404662054497e-01       5.154019995574e+02 
       1.436649115263e-01       4.922563915355e+02 
       1.468636325124e-01       4.690719560897e+02 
       1.500623648926e-01       4.465506105917e+02 
       1.532611063917e-01       4.253113659976e+02 
       1.564598554981e-01       4.058558159135e+02 
       1.596586111737e-01       3.885023166594e+02 
       1.628573726770e-01       3.733901351590e+02 
       1.660561394544e-01       3.604901870922e+02 
       1.692549110741e-01       3.496299191106e+02 
       1.724536871851e-01       3.405080819173e+02 
       1.756524674918e-01       3.327446873239e+02 
       1.788512517378e-01       3.259288616078e+02 
       1.820500396958e-01       3.196485545539e+02 
       1.852488311610e-01       3.135721977759e+02 
       1.884476259469e-01       3.072933268304e+02 
       1.916464238816e-01       3.005633982705e+02 
       1.948452248065e-01       2.932359617082e+02 
       1.980440285741e-01       2.852823471606e+02 
       2.012428350467e-01       2.767758312063e+02 
       2.044416440959e-01       2.678828952030e+02 
       2.076404556014e-01       2.588141159437e+02 
       2.108392694504e-01       2.497934712175e+02 
       2.140380855368e-01       2.410399136464e+02 
       2.172369037610e-01       2.327285063450e+02 
       2.204357240293e-01       2.249975604056e+02 
       2.236345462532e-01       2.179355515530e+02 
       2.268333703495e-01       2.115819888436e+02 
       2.300321962395e-01       2.059392375062e+02 
       2.332310238489e-01       2.009519486476e+02 
       2.364298531074e-01       1.965459296639e+02 
       2.396286839485e-01       1.926059538727e+02 
       2.428275163094e-01       1.889974464712e+02 
       2.460263501302e-01       1.855847281112e+02 
       2.492251853545e-01       1.822459286466e+02 
       2.524240219285e-01       1.788736998360e+02 
       2.556228598014e-01       1.753966220628e+02 
       2.588216989245e-01       1.717729049368e+02 
       2.620205392519e-01       1.679951969607e+02 
       2.652193807397e-01       1.640719218073e+02 
       2.684182233461e-01       1.600395924589e+02 
       2.716170670316e-01       1.559497003297e+02 
       2.748159117580e-01       1.518707720041e+02 
       2.780147574893e-01       1.478679499485e+02 
       2.812136041910e-01       1.440083824533e+02 
       2.844124518303e-01       1.403464732292e+02 
       2.876113003755e-01       1.369200808927e+02 
       2.908101497967e-01       1.337457344418e+02 
       2.940090000651e-01       1.308250088539e+02 
       2.972078511533e-01       1.281376172995e+02 
       3.004067030348e-01       1.256560742229e+02 
       3.036055556845e-01       1.233451824450e+02 
       3.068044090783e-01       1.211666890747e+02 
       3.100032631929e-01       1.190816194133e+02 
       3.132021180062e-01       1.170525609053e+02 
       3.164009734969e-01       1.150461216179e+02 
       3.195998296445e-01       1.130336251255e+02 
       3.227986864295e-01       1.109969553985e+02 
       3.259975438329e-01       1.089273988210e+02 
       3.291964018366e-01       1.068273887812e+02 
       3.323952604233e-01       1.047075505422e+02 
       3.355941195762e-01       1.025858564046e+02 
       3.387929792791e-01       1.004815418420e+02 
       3.419918395166e-01       9.841276301172e+01 
       3.451907002738e-01       9.639912197997e+01 
       3.483895615362e-01       9.445337233708e+01 
       3.515884232900e-01       9.258693231439e+01 
       3.547872855218e-01       9.080845516558e+01 
       3.579861482188e-01       8.912187858582e+01 
       3.611850113686e-01       8.752571002323e+01 
       3.643838749592e-01       8.601405752907e+01 
       3.675827389790e-01       8.457606279878e+01 
       3.707816034168e-01       8.319830450475e+01 
       3.739804682620e-01       8.186636934013e+01 
       3.771793335040e-01       8.056687910322e+01 
       3.803781991329e-01       7.928936685135e+01 
       3.835770651390e-01       7.802595261622e+01 
       3.867759315127e-01       7.677188339599e+01 
       3.899747982451e-01       7.552421833359e+01 
       3.931736653273e-01       7.428194764656e+01 
       3.963725327509e-01       7.304561294576e+01 
       3.995714005075e-01       7.181758389594e+01 
       4.027702685894e-01       7.060229318942e+01 
       4.059691369886e-01       6.940454960273e+01 
       4.091680056978e-01       6.823128109976e+01 
       4.123668747098e-01       6.708773652418e+01 
       4.155657440174e-01       6.597727106190e+01 
       4.187646136139e-01       6.490180792855e+01 
       4.219634834927e-01       6.386186491244e+01 
       4.251623536474e-01       6.285655112432e+01 
       4.283612240718e-01       6.188423520470e+01 
       4.315600947599e-01       6.094328411018e+01 
       4.347589657059e-01       6.003168689541e+01 
       4.379578369040e-01       5.914667584769e+01 
       4.411567083487e-01       5.828531769953e+01 
       4.443555800348e-01       5.744349861826e+01 
       4.475544519570e-01       5.661723107383e+01 
       4.507533241103e-01       5.580358718763e+01 
       4.539521964898e-01       5.500028779872e+01 
       4.571510690906e-01       5.420570722092e+01 
       4.603499419083e-01       5.342007684042e+01 
       4.635488149382e-01       5.264374598079e+01 
       4.667476881761e-01       5.187800579969e+01 
       4.699465616175e-01       5.112340025201e+01 
       4.731454352585e-01       5.038068914590e+01 
       4.763443090949e-01       4.965101582509e+01 
       4.795431831229e-01       4.893527872355e+01 
       4.827420573385e-01       4.823525862533e+01 
       4.859409317382e-01       4.755227819910e+01 
       4.891398063183e-01       4.688722614512e+01 
       4.923386810752e-01       4.624017124825e+01 
       4.955375560055e-01       4.561026594098e+01 
       4.987364311058e-01       4.499607801428e+01 
       5.019353063730e-01       4.439595194248e+01 
       5.051341818038e-01       4.380841715757e+01 
       5.083330573951e-01       4.323238015696e+01 
       5.115319331440e-01       4.266683596935e+01 
       5.147308090474e-01       4.211120268249e+01 
       5.179296851024e-01       4.156447455986e+01 
       5.211285613064e-01       4.102578953292e+01 
       5.243274376565e-01       4.049442070388e+01 
       5.275263141501e-01       3.996992332855e+01 
       5.307251907846e-01       3.945238966132e+01 
       5.339240675574e-01       3.894236383978e+01 
       5.371229444661e-01       3.844055925783e+01 
       5.403218215082e-01       3.794766038950e+01 
       5.435206986814e-01       3.746389743991e+01 
       5.467195759834e-01       3.698952802998e+01 
       5.499184534119e-01       3.652418132586e+01 
       5.531173309647e-01       3.606746854256e+01 
       5.563162086397e-01       3.561930910089e+01 
       5.595150864348e-01       3.518000173186e+01 
       5.627139643478e-01       3.474922170497e+01 
       5.659128423769e-01       3.432701246048e+01 
       5.691117205200e-01       3.391299131353e+01 
       5.723105987752e-01       3.350656351717e+01 
       5.755094771407e-01       3.310701839078e+01 
       5.787083556146e-01       3.271378918623e+01 
       5.819072341951e-01       3.232646726853e+01 
       5.851061128805e-01       3.194503004811e+01 
       5.883049916691e-01       3.156949219475e+01 
       5.915038705591e-01       3.119986302332e+01 
       5.947027495490e-01       3.083598314133e+01 
       5.979016286371e-01       3.047760006355e+01 
       6.011005078219e-01       3.012442769151e+01 
       6.042993871017e-01       2.977628555405e+01 
       6.074982664752e-01       2.943323023686e+01 
       6.106971459408e-01       2.909544794760e+01 
       6.138960254972e-01       2.876329915002e+01 
       6.170949051427e-01       2.843688236801e+01 
       6.202937848762e-01       2.811620721354e+01 
       6.234926646963e-01       2.780101330690e+01 
       6.266915446015e-01       2.749092077822e+01 
       6.298904245906e-01       2.718575652359e+01 
       6.330893046624e-01       2.688534862909e+01 
       6.362881848155e-01       2.658966264255e+01 
       6.394870650489e-01       2.629877603765e+01 
       6.426859453611e-01       2.601262678516e+01 
       6.458848257512e-01       2.573102774208e+01 
       6.490837062179e-01       2.545366319389e+01 
       6.522825867600e-01       2.518022809911e+01 
       6.554814673766e-01       2.491047078003e+01 
       6.586803480665e-01       2.464437118658e+01 
       6.618792288286e-01       2.438199986151e+01 
       6.650781096619e-01       2.412349029111e+01 
       6.682769905654e-01       2.386891819340e+01 
       6.714758715380e-01       2.361820423273e+01 
       6.746747525789e-01       2.337115555103e+01 
       6.778736336869e-01       2.312766666785e+01 
       6.810725148612e-01       2.288743536616e+01 
       6.842713961008e-01       2.265055195589e+01 
       6.874702774049e-01       2.241712141250e+01 
       6.906691587724e-01       2.218722064338e+01 
       6.938680402026e-01       2.196090037149e+01 
       6.970669216946e-01       2.173804948169e+01 
       7.002658032475e-01       2.151845999250e+01 
       7.034646848605e-01       2.130191862698e+01 
       7.066635665328e-01       2.108826207782e+01 
       7.098624482635e-01       2.087746091704e+01 
       7.130613300519e-01       2.066956386057e+01 
       7.162602118973e-01       2.046462466890e+01 
       7.194590937987e-01       2.026266193005e+01 
       7.226579757556e-01       2.006356592925e+01 
       7.258568577672e-01       1.986716994748e+01 
       7.290557398327e-01       1.967330978910e+01 
       7.322546219514e-01       1.948186984230e+01 
       7.354535041227e-01       1.929286359867e+01 
       7.386523863458e-01       1.910638618808e+01 
       7.418512686201e-01       1.892249664050e+01 
       7.450501509449e-01       1.874129075205e+01 
       7.482490333196e-01       1.856258023498e+01 
       7.514479157436e-01       1.838626562440e+01 
       8.213165622076e-01       1.505226549838e+01 
       9.225448477297e-01       1.155537074135e+01 
       1.083599571933e+00       7.974226065374e+00 
       1.337902115014e+00       4.865153053684e+00 
       1.682219824251e+00       2.817463762167e+00 
       2.117754163176e+00       1.612271732422e+00 
       2.666094419192e+00       9.150721842974e-01 
       3.356414014514e+00       5.155378224140e-01 
       4.225474895374e+00       2.885063463695e-01 
       5.319557722685e+00       1.604674344868e-01 
       6.696926396594e+00       8.875363622255e-02 
       8.430930821587e+00       4.883744727889e-02 
       1.061391305637e+01       2.674709296769e-02 
       1.336212486524e+01       1.458479686940e-02 
       1.682191854842e+01       7.920727517021e-03 
       2.117754073574e+01       4.285175254592e-03 
       2.666094419153e+01       2.309949977147e-03 
       3.356414014514e+01       1.240823289982e-03 
       4.225474895374e+01       6.642157308091e-04 
       5.319557722685e+01       3.542861707355e-04 
