# Matter power spectrum P(k) at redshift z=2
# for k=1.03955e-05 to 53.1956 h/Mpc,
# number of wavenumbers equal to 620
#    1:k (h/Mpc)              2:P (Mpc/h)^3        
       1.039554593366e-05       9.076245494554e+00 
       2.321625872476e-05       1.964438337477e+01 
       3.608162361189e-05       3.000938434141e+01 
       4.902593216740e-05       4.028973681877e+01 
       6.208403777342e-05       5.055170104699e+01 
       7.529166351078e-05       6.084422554638e+01 
       8.868571980328e-05       7.120871081670e+01 
       1.023046360059e-04       8.168298297550e+01 
       1.161887101575e-04       9.230331707890e+01 
       1.303804811523e-04       1.031056487498e+02 
       1.449251275914e-04       1.141264044196e+02 
       1.598708975225e-04       1.254031387399e+02 
       1.752695731100e-04       1.369750719999e+02 
       1.911769739295e-04       1.488835739576e+02 
       2.076535019659e-04       1.611726252736e+02 
       2.247647303764e-04       1.738892687141e+02 
       2.425820365134e-04       1.870840610450e+02 
       2.611832773708e-04       2.008115268630e+02 
       2.806535022682e-04       2.151306117822e+02 
       3.010856929055e-04       2.301051293736e+02 
       3.225815145524e-04       2.458041872554e+02 
       3.452520536855e-04       2.623025721042e+02 
       3.692185065006e-04       2.796810664392e+02 
       3.946127691316e-04       2.980266567535e+02 
       4.215778641091e-04       3.174325843135e+02 
       4.502681190242e-04       3.379981760218e+02 
       4.808489937476e-04       3.598283793256e+02 
       5.134964341804e-04       3.830329183138e+02 
       5.483956171584e-04       4.077249814575e+02 
       5.857389482102e-04       4.340193519349e+02 
       6.257231883267e-04       4.620299241240e+02 
       6.685456253480e-04       4.918665660788e+02 
       7.143992765011e-04       5.236313715837e+02 
       7.634672135018e-04       5.574144117263e+02 
       8.159162353344e-04       5.932892084412e+02 
       8.718902605670e-04       6.313082440136e+02 
       9.315039436829e-04       6.714988993391e+02 
       9.948371036618e-04       7.138602666237e+02 
       1.061930554494e-03       7.583612068939e+02 
       1.132783826807e-03       8.049399705768e+02 
       1.207355072330e-03       8.535054423807e+02 
       1.285563181864e-03       9.039399769276e+02 
       1.367291876660e-03       9.561011030294e+02 
       1.452395310759e-03       1.009828419249e+03 
       1.540704590804e-03       1.064956653887e+03 
       1.632034595892e-03       1.121309049143e+03 
       1.726190550459e-03       1.178706880994e+03 
       1.822973935770e-03       1.236973696284e+03 
       1.922187482213e-03       1.295938805105e+03 
       2.023639132649e-03       1.355439932726e+03 
       2.127144985949e-03       1.415325133682e+03 
       2.232531311321e-03       1.475453944341e+03 
       2.339635769667e-03       1.535697894415e+03 
       2.448307994782e-03       1.595940814260e+03 
       2.558409683680e-03       1.656077973688e+03 
       2.669814329643e-03       1.716016073979e+03 
       2.782406710372e-03       1.775672314271e+03 
       2.896082221162e-03       1.834973767056e+03 
       3.010746122088e-03       1.893854632850e+03 
       3.126312750042e-03       1.952259726777e+03 
       3.242704731602e-03       2.010139678047e+03 
       3.359852221003e-03       2.067451498393e+03 
       3.477692178583e-03       2.124158611470e+03 
       3.596167698542e-03       2.180229045760e+03 
       3.715227390163e-03       2.235636181376e+03 
       3.834824813398e-03       2.290356419396e+03 
       3.954917967587e-03       2.344370582380e+03 
       4.075468830736e-03       2.397662292359e+03 
       4.196442945959e-03       2.450217519172e+03 
       4.317809051348e-03       2.502025582405e+03 
       4.439538749395e-03       2.553077748277e+03 
       4.561606212177e-03       2.603366798494e+03 
       4.683987918652e-03       2.652887598728e+03 
       4.806662420714e-03       2.701636472454e+03 
       4.929610134858e-03       2.749611230841e+03 
       5.052813156653e-03       2.796810801827e+03 
       5.176255095446e-03       2.843235925983e+03 
       5.299920927018e-03       2.888887082032e+03 
       5.423796862150e-03       2.933764922894e+03 
       5.547870229274e-03       2.977874833525e+03 
       5.672129369620e-03       3.021217800777e+03 
       5.796563543411e-03       3.063798671733e+03 
       5.921162845873e-03       3.105621537451e+03 
       6.045918131938e-03       3.146692184516e+03 
       6.170820948655e-03       3.187013470052e+03 
       6.295863474469e-03       3.226592403243e+03 
       6.421038464583e-03       3.265433439471e+03 
       6.546339201744e-03       3.303542791038e+03 
       6.671759451864e-03       3.340927435110e+03 
       6.797293423941e-03       3.377592706293e+03 
       6.922935733829e-03       3.413543754971e+03 
       7.048681371440e-03       3.448789786267e+03 
       7.174525671028e-03       3.483333667232e+03 
       7.300464284221e-03       3.517188424695e+03 
       7.426493155525e-03       3.550352791191e+03 
       7.552608500044e-03       3.582919593184e+03 
       7.678806783202e-03       3.614787636620e+03 
       7.805084702251e-03       3.645923106784e+03 
       7.931439169404e-03       3.676401421793e+03 
       8.057867296419e-03       3.706226805016e+03 
       8.184366380511e-03       3.735412714719e+03 
       8.310933891452e-03       3.763960263812e+03 
       8.437567459747e-03       3.791879025503e+03 
       8.564264865796e-03       3.819170481382e+03 
       8.691024029938e-03       3.845844999120e+03 
       8.817843003303e-03       3.871907886249e+03 
       8.944719959402e-03       3.897367490967e+03 
       9.071653186381e-03       3.922227147973e+03 
       9.198641079881e-03       3.946497741428e+03 
       9.325682136463e-03       3.970184133430e+03 
       9.452774947534e-03       3.993291866216e+03 
       9.579918193735e-03       4.015830562988e+03 
       9.707110639761e-03       4.037802491166e+03 
       9.834351129567e-03       4.059219448583e+03 
       9.961638581928e-03       4.080080468947e+03 
       1.008897198633e-02       4.100393946714e+03 
       1.021635039917e-02       4.120173571132e+03 
       1.034377294021e-02       4.139415523389e+03 
       1.047123878932e-02       4.158132550142e+03 
       1.059874718342e-02       4.176331391795e+03 
       1.072629741368e-02       4.194015371295e+03 
       1.085388882286e-02       4.211187600787e+03 
       1.098152080293e-02       4.227860649717e+03 
       1.110919279274e-02       4.244033901870e+03 
       1.123690427598e-02       4.259718321471e+03 
       1.136465477916e-02       4.274913121433e+03 
       1.149244386983e-02       4.289632913944e+03 
       1.162027115487e-02       4.303878344222e+03 
       1.174813627892e-02       4.317656904653e+03 
       1.187603892289e-02       4.330961042034e+03 
       1.200397880263e-02       4.343823839678e+03 
       1.213195566765e-02       4.356226087121e+03 
       1.225996929991e-02       4.368181876564e+03 
       1.238801951276e-02       4.379696013747e+03 
       1.251610614994e-02       4.390773861022e+03 
       1.264422908455e-02       4.401414471031e+03 
       1.277238821826e-02       4.411642115500e+03 
       1.290058348047e-02       4.421444010349e+03 
       1.302881482753e-02       4.430829374700e+03 
       1.315708224209e-02       4.439801759030e+03 
       1.328538573239e-02       4.448367342995e+03 
       1.341372533177e-02       4.456546806700e+03 
       1.354210109800e-02       4.464322017481e+03 
       1.367051311290e-02       4.471701596382e+03 
       1.379896148180e-02       4.478706033473e+03 
       1.392744633314e-02       4.485321654891e+03 
       1.405596781811e-02       4.491565204114e+03 
       1.418452611030e-02       4.497433769786e+03 
       1.431312140538e-02       4.502936602965e+03 
       1.444175392083e-02       4.508077212688e+03 
       1.457042389569e-02       4.512859163225e+03 
       1.469913159036e-02       4.517287339978e+03 
       1.482787728638e-02       4.521367507747e+03 
       1.495666128631e-02       4.525101646398e+03 
       1.508548391358e-02       4.528503186443e+03 
       1.521434551237e-02       4.531565995148e+03 
       1.534324644752e-02       4.534292769494e+03 
       1.547218710453e-02       4.536704468534e+03 
       1.560116788943e-02       4.538795404495e+03 
       1.573018922884e-02       4.540560830613e+03 
       1.585925156992e-02       4.542020183793e+03 
       1.598835538045e-02       4.543163131266e+03 
       1.611750114883e-02       4.544006544331e+03 
       1.624668938416e-02       4.544545397092e+03 
       1.637592061632e-02       4.544786380105e+03 
       1.650519539609e-02       4.544733756887e+03 
       1.663451429525e-02       4.544398329874e+03 
       1.676387790673e-02       4.543766345525e+03 
       1.689328684478e-02       4.542867605458e+03 
       1.702274174510e-02       4.541682003831e+03 
       1.715224326507e-02       4.540231230800e+03 
       1.728179208396e-02       4.538502874142e+03 
       1.741138890313e-02       4.536513545663e+03 
       1.754103444628e-02       4.534267959014e+03 
       1.767072945972e-02       4.531758681742e+03 
       1.780047471265e-02       4.529000179556e+03 
       1.793027099742e-02       4.525986122369e+03 
       1.806011912987e-02       4.522693504613e+03 
       1.819001994964e-02       4.519188610749e+03 
       1.831997432051e-02       4.515458498939e+03 
       1.844998313077e-02       4.511503824273e+03 
       1.858004729358e-02       4.507265166348e+03 
       1.871016774738e-02       4.502884598215e+03 
       1.884034545629e-02       4.498222471369e+03 
       1.897058141053e-02       4.493305115061e+03 
       1.910087662686e-02       4.488249636992e+03 
       1.923123214907e-02       4.482940672857e+03 
       1.936164904842e-02       4.477418249876e+03 
       1.949212842419e-02       4.471679434339e+03 
       1.962267140414e-02       4.465763652284e+03 
       1.975327914506e-02       4.459623743538e+03 
       1.988395283336e-02       4.453302050772e+03 
       2.001469368562e-02       4.446773976753e+03 
       2.014550294914e-02       4.440035739756e+03 
       2.027638190265e-02       4.433164256885e+03 
       2.040733185685e-02       4.426075962333e+03 
       2.053835415511e-02       4.418818964269e+03 
       2.066945017417e-02       4.411379811638e+03 
       2.080062132478e-02       4.403761072456e+03 
       2.093186905248e-02       4.395969648472e+03 
       2.106319483831e-02       4.388011454696e+03 
       2.119460019958e-02       4.379895149944e+03 
       2.132608669070e-02       4.371608801142e+03 
       2.145765590396e-02       4.363170195840e+03 
       2.158930947039e-02       4.354569991299e+03 
       2.172104906064e-02       4.345811655319e+03 
       2.185287638586e-02       4.336912877949e+03 
       2.198479319866e-02       4.327858659758e+03 
       2.211680129404e-02       4.318673589891e+03 
       2.224890251037e-02       4.309346249481e+03 
       2.238109873044e-02       4.299854652416e+03 
       2.251339188248e-02       4.290253423481e+03 
       2.264578394127e-02       4.280508344998e+03 
       2.277827692923e-02       4.270630692549e+03 
       2.291087291758e-02       4.260643133467e+03 
       2.304357402754e-02       4.250507906321e+03 
       2.317638243154e-02       4.240255896152e+03 
       2.330930035449e-02       4.229890448521e+03 
       2.344233007508e-02       4.219420950985e+03 
       2.357547392713e-02       4.208811302818e+03 
       2.370873430097e-02       4.198098052114e+03 
       2.384211364487e-02       4.187270740277e+03 
       2.397561446655e-02       4.176350172457e+03 
       2.410923933465e-02       4.165317558230e+03 
       2.424299088034e-02       4.154187847365e+03 
       2.437687179893e-02       4.142949287071e+03 
       2.451088485157e-02       4.131622613159e+03 
       2.464503286695e-02       4.120190365644e+03 
       2.477931874311e-02       4.108672786731e+03 
       2.491374544928e-02       4.097061984571e+03 
       2.504831602780e-02       4.085366030054e+03 
       2.518303359606e-02       4.073600326218e+03 
       2.531790134858e-02       4.061741629872e+03 
       2.545292255909e-02       4.049783158859e+03 
       2.558810058270e-02       4.037767633661e+03 
       2.572343885821e-02       4.025674466688e+03 
       2.585894091033e-02       4.013498110331e+03 
       2.599461035220e-02       4.001229044753e+03 
       2.613045088782e-02       3.988935272379e+03 
       2.626646631462e-02       3.976551669413e+03 
       2.640266052619e-02       3.964101258904e+03 
       2.653903751497e-02       3.951583570589e+03 
       2.667560137515e-02       3.939014953211e+03 
       2.681235630561e-02       3.926373516408e+03 
       2.694930661304e-02       3.913692545581e+03 
       2.708645671503e-02       3.900936947968e+03 
       2.722381114346e-02       3.888118745252e+03 
       2.736137454784e-02       3.875269598819e+03 
       2.749915169889e-02       3.862348434917e+03 
       2.763714749221e-02       3.849402903454e+03 
       2.777536695208e-02       3.836397747121e+03 
       2.791381523543e-02       3.823351507994e+03 
       2.805249763591e-02       3.810258309990e+03 
       2.819141958821e-02       3.797116367159e+03 
       2.833058667240e-02       3.783942449440e+03 
       2.847000461863e-02       3.770729754410e+03 
       2.860967931181e-02       3.757472657878e+03 
       2.874961679664e-02       3.744181779015e+03 
       2.888982328275e-02       3.730856070423e+03 
       2.903030515006e-02       3.717509828676e+03 
       2.917106895438e-02       3.704127809549e+03 
       2.931212143323e-02       3.690710415632e+03 
       2.945346951187e-02       3.677259361244e+03 
       2.959512030961e-02       3.663794533910e+03 
       2.973708114638e-02       3.650302077446e+03 
       2.987935954958e-02       3.636778436563e+03 
       3.002196326119e-02       3.623241910529e+03 
       3.016490024521e-02       3.609684868638e+03 
       3.030817869544e-02       3.596096352959e+03 
       3.045180704355e-02       3.582492173678e+03 
       3.059579396754e-02       3.568883137668e+03 
       3.074014840054e-02       3.555245913996e+03 
       3.088487954009e-02       3.541592210256e+03 
       3.102999685771e-02       3.527945618825e+03 
       3.117551010899e-02       3.514254936105e+03 
       3.132142934416e-02       3.500565837200e+03 
       3.146776491904e-02       3.486869646514e+03 
       3.161452750668e-02       3.473147774571e+03 
       3.176172810933e-02       3.459449375660e+03 
       3.190937807119e-02       3.445721163814e+03 
       3.205748909164e-02       3.431998204162e+03 
       3.220607323913e-02       3.418250544243e+03 
       3.235514296583e-02       3.404507828057e+03 
       3.250471112290e-02       3.390759186102e+03 
       3.265479097661e-02       3.377011920871e+03 
       3.280539622520e-02       3.363251953517e+03 
       3.295654101666e-02       3.349504227158e+03 
       3.310823996743e-02       3.335739473162e+03 
       3.326050818198e-02       3.321992248937e+03 
       3.341336127357e-02       3.308231605081e+03 
       3.356681538599e-02       3.294479486207e+03 
       3.372088721650e-02       3.280721246764e+03 
       3.387559404007e-02       3.266974817321e+03 
       3.403095373488e-02       3.253214255641e+03 
       3.418698480928e-02       3.239466042999e+03 
       3.434370643024e-02       3.225738693356e+03 
       3.450113845343e-02       3.212005350747e+03 
       3.465930145501e-02       3.198282434148e+03 
       3.481821676531e-02       3.184539721041e+03 
       3.497790650440e-02       3.170819192792e+03 
       3.513839361987e-02       3.157115865677e+03 
       3.529970192680e-02       3.143410095612e+03 
       3.546185615025e-02       3.129705050900e+03 
       3.562488197025e-02       3.116020270277e+03 
       3.578880606969e-02       3.102325147572e+03 
       3.595365618517e-02       3.088639440267e+03 
       3.611946116117e-02       3.074967087690e+03 
       3.628625100759e-02       3.061296634520e+03 
       3.645405696120e-02       3.047648811087e+03 
       3.662291155106e-02       3.033994113949e+03 
       3.679284866841e-02       3.020353101757e+03 
       3.696390364122e-02       3.006717631614e+03 
       3.713611331400e-02       2.993093445218e+03 
       3.730951613305e-02       2.979472277971e+03 
       3.748415223790e-02       2.965864874140e+03 
       3.766006355916e-02       2.952253702070e+03 
       3.783729392360e-02       2.938660256199e+03 
       3.801588916695e-02       2.925061931248e+03 
       3.819589725515e-02       2.911463565446e+03 
       3.837736841482e-02       2.897899732378e+03 
       3.856035527375e-02       2.884320677068e+03 
       3.874491301246e-02       2.870746603291e+03 
       3.893109952773e-02       2.857181123745e+03 
       3.911897560932e-02       2.843614376181e+03 
       3.930860513123e-02       2.830058920513e+03 
       3.950005525877e-02       2.816502821247e+03 
       3.969339667327e-02       2.802945123382e+03 
       3.988870381591e-02       2.789390557758e+03 
       4.008605515304e-02       2.775831628832e+03 
       4.028553346491e-02       2.762270464778e+03 
       4.048722616051e-02       2.748715875158e+03 
       4.069122562140e-02       2.735157993251e+03 
       4.089762957753e-02       2.721584361529e+03 
       4.110654151897e-02       2.708015817062e+03 
       4.131807114740e-02       2.694432561550e+03 
       4.153233487216e-02       2.680841828183e+03 
       4.174945635618e-02       2.667242440037e+03 
       4.196956711777e-02       2.653631876108e+03 
       4.219280719523e-02       2.639995743439e+03 
       4.241932588217e-02       2.626357237932e+03 
       4.264928254266e-02       2.612701374564e+03 
       4.288284751670e-02       2.599018086592e+03 
       4.312020312800e-02       2.585314123982e+03 
       4.336154480817e-02       2.571586615781e+03 
       4.360708235341e-02       2.557822799149e+03 
       4.385704133272e-02       2.544043468792e+03 
       4.411166466950e-02       2.530218835860e+03 
       4.437121442248e-02       2.516363186920e+03 
       4.463597379617e-02       2.502460051577e+03 
       4.490624941661e-02       2.488508928423e+03 
       4.518237391452e-02       2.474519104124e+03 
       4.546470886602e-02       2.460476506814e+03 
       4.575364815048e-02       2.446360208645e+03 
       4.604962179678e-02       2.432193700438e+03 
       4.635310040348e-02       2.417943960789e+03 
       4.666460023582e-02       2.403630432215e+03 
       4.698468912418e-02       2.389222882968e+03 
       4.731399331514e-02       2.374736866551e+03 
       4.765320545965e-02       2.360143838429e+03 
       4.800309396416e-02       2.345441041353e+03 
       4.836451398262e-02       2.330618898354e+03 
       4.873842039279e-02       2.315666290385e+03 
       4.912588318267e-02       2.300571096499e+03 
       4.952810577815e-02       2.285311777526e+03 
       4.994644697591e-02       2.269884899601e+03 
       5.038244731550e-02       2.254254327439e+03 
       5.083786094101e-02       2.238422084221e+03 
       5.131469427834e-02       2.222344511071e+03 
       5.181525320399e-02       2.205997777758e+03 
       5.234220082169e-02       2.189343975744e+03 
       5.289862851019e-02       2.172346131525e+03 
       5.348814356721e-02       2.154957632142e+03 
       5.411497753953e-02       2.137106291252e+03 
       5.478412013664e-02       2.118737949557e+03 
       5.550148430854e-02       2.099743861358e+03 
       5.627410824320e-02       2.080024337268e+03 
       5.711039889327e-02       2.059419452350e+03 
       5.802041754952e-02       2.037731048192e+03 
       5.901619785973e-02       2.014721588530e+03 
       6.011206507084e-02       1.990041553726e+03 
       6.132488337632e-02       1.963254142619e+03 
       6.267408469701e-02       1.933732615528e+03 
       6.418122002103e-02       1.900739737976e+03 
       6.586864445081e-02       1.863217626633e+03 
       6.775689885323e-02       1.819968352539e+03 
       6.986061636220e-02       1.769677216165e+03 
       7.218363809309e-02       1.711216523545e+03 
       7.471532286577e-02       1.643990580235e+03 
       7.743061359448e-02       1.568477282941e+03 
       8.029481089186e-02       1.486302592538e+03 
       8.327090758802e-02       1.400210358175e+03 
       8.632586216219e-02       1.313531206914e+03 
       8.943371231427e-02       1.229616776481e+03 
       9.257581503174e-02       1.151363268401e+03 
       9.573957740130e-02       1.080883934027e+03 
       9.891682772534e-02       1.019417903250e+03 
       1.021023973755e-01       9.673345268720e+02 
       1.052930691554e-01       9.242452473549e+02 
       1.084868602137e-01       8.891669280091e+02 
       1.116825557654e-01       8.606875651123e+02 
       1.148794142178e-01       8.371287922873e+02 
       1.180769837523e-01       8.167147442161e+02 
       1.212749893616e-01       7.977306804559e+02 
       1.244732636930e-01       7.786649367539e+02 
       1.276717048613e-01       7.583442835612e+02 
       1.308702507698e-01       7.360063835313e+02 
       1.340688634988e-01       7.113412640474e+02 
       1.372675198226e-01       6.845012660940e+02 
       1.404662054497e-01       6.559791690324e+02 
       1.436649115263e-01       6.265206644237e+02 
       1.468636325124e-01       5.970116475562e+02 
       1.500623648926e-01       5.683474725916e+02 
       1.532611063917e-01       5.413159902735e+02 
       1.564598554981e-01       5.165542491310e+02 
       1.596586111737e-01       4.944659105787e+02 
       1.628573726770e-01       4.752330233905e+02 
       1.660561394544e-01       4.588138182140e+02 
       1.692549110741e-01       4.449923612214e+02 
       1.724536871851e-01       4.333824919466e+02 
       1.756524674918e-01       4.235015878470e+02 
       1.788512517378e-01       4.148267105892e+02 
       1.820500396958e-01       4.068334145610e+02 
       1.852488311610e-01       3.990998908458e+02 
       1.884476259469e-01       3.911081741539e+02 
       1.916464238816e-01       3.825420063424e+02 
       1.948452248065e-01       3.732168145540e+02 
       1.980440285741e-01       3.630906858324e+02 
       2.012428350467e-01       3.522665769034e+02 
       2.044416440959e-01       3.409474231410e+02 
       2.076404556014e-01       3.294054253039e+02 
       2.108392694504e-01       3.179252441197e+02 
       2.140380855368e-01       3.067836639187e+02 
       2.172369037610e-01       2.962054706127e+02 
       2.204357240293e-01       2.863662811855e+02 
       2.236345462532e-01       2.773781042493e+02 
       2.268333703495e-01       2.692913130155e+02 
       2.300321962395e-01       2.621097885438e+02 
       2.332310238489e-01       2.557621838879e+02 
       2.364298531074e-01       2.501544225238e+02 
       2.396286839485e-01       2.451397007743e+02 
       2.428275163094e-01       2.405469274643e+02 
       2.460263501302e-01       2.362031549998e+02 
       2.492251853545e-01       2.319540646121e+02 
       2.524240219285e-01       2.276619259111e+02 
       2.556228598014e-01       2.232364176193e+02 
       2.588216989245e-01       2.186223592878e+02 
       2.620205392519e-01       2.138155174292e+02 
       2.652193807397e-01       2.088223401877e+02 
       2.684182233461e-01       2.036908629138e+02 
       2.716170670316e-01       1.984854648180e+02 
       2.748159117580e-01       1.932938581981e+02 
       2.780147574893e-01       1.881992952954e+02 
       2.812136041910e-01       1.832870263340e+02 
       2.844124518303e-01       1.786263997866e+02 
       2.876113003755e-01       1.742651266184e+02 
       2.908101497967e-01       1.702250222602e+02 
       2.940090000651e-01       1.665079290874e+02 
       2.972078511533e-01       1.630875441777e+02 
       3.004067030348e-01       1.599291558240e+02 
       3.036055556845e-01       1.569879318531e+02 
       3.068044090783e-01       1.542152299353e+02 
       3.100032631929e-01       1.515614595251e+02 
       3.132021180062e-01       1.489789951315e+02 
       3.164009734969e-01       1.464253014084e+02 
       3.195998296445e-01       1.438638980481e+02 
       3.227986864295e-01       1.412717168053e+02 
       3.259975438329e-01       1.386376845051e+02 
       3.291964018366e-01       1.359649105132e+02 
       3.323952604233e-01       1.332664418328e+02 
       3.355941195762e-01       1.305663594931e+02 
       3.387929792791e-01       1.278881960511e+02 
       3.419918395166e-01       1.252552564023e+02 
       3.451907002738e-01       1.226922167097e+02 
       3.483895615362e-01       1.202158279251e+02 
       3.515884232900e-01       1.178402977718e+02 
       3.547872855218e-01       1.155767403673e+02 
       3.579861482188e-01       1.134301469828e+02 
       3.611850113686e-01       1.113985505757e+02 
       3.643838749592e-01       1.094746601804e+02 
       3.675827389790e-01       1.076443826884e+02 
       3.707816034168e-01       1.058906889774e+02 
       3.739804682620e-01       1.041955777030e+02 
       3.771793335040e-01       1.025416816428e+02 
       3.803781991329e-01       1.009157864393e+02 
       3.835770651390e-01       9.930766457465e+01 
       3.867759315127e-01       9.771153249686e+01 
       3.899747982451e-01       9.612332369521e+01 
       3.931736653273e-01       9.454258091983e+01 
       3.963725327509e-01       9.296903215441e+01 
       3.995714005075e-01       9.140595072211e+01 
       4.027702685894e-01       8.985897936113e+01 
       4.059691369886e-01       8.833493093278e+01 
       4.091680056978e-01       8.684164512298e+01 
       4.123668747098e-01       8.538607528794e+01 
       4.155657440174e-01       8.397279172997e+01 
       4.187646136139e-01       8.260390406753e+01 
       4.219634834927e-01       8.128034901105e+01 
       4.251623536474e-01       8.000083429960e+01 
       4.283612240718e-01       7.876331699560e+01 
       4.315600947599e-01       7.756571850763e+01 
       4.347589657059e-01       7.640544124485e+01 
       4.379578369040e-01       7.527905550301e+01 
       4.411567083487e-01       7.418280582721e+01 
       4.443555800348e-01       7.311135167149e+01 
       4.475544519570e-01       7.205981693116e+01 
       4.507533241103e-01       7.102424917158e+01 
       4.539521964898e-01       7.000153784257e+01 
       4.571510690906e-01       6.899023666957e+01 
       4.603499419083e-01       6.799032552392e+01 
       4.635488149382e-01       6.700254767700e+01 
       4.667476881761e-01       6.602794749692e+01 
       4.699465616175e-01       6.506751915149e+01 
       4.731454352585e-01       6.412223005737e+01 
       4.763443090949e-01       6.319348401855e+01 
       4.795431831229e-01       6.228249184247e+01 
       4.827420573385e-01       6.139157327235e+01 
       4.859409317382e-01       6.052229538664e+01 
       4.891398063183e-01       5.967585948475e+01 
       4.923386810752e-01       5.885231811880e+01 
       4.955375560055e-01       5.805060446749e+01 
       4.987364311058e-01       5.726889554230e+01 
       5.019353063730e-01       5.650507307694e+01 
       5.051341818038e-01       5.575729698760e+01 
       5.083330573951e-01       5.502412464228e+01 
       5.115319331440e-01       5.430431628170e+01 
       5.147308090474e-01       5.359716323398e+01 
       5.179296851024e-01       5.290131332020e+01 
       5.211285613064e-01       5.221570026991e+01 
       5.243274376565e-01       5.153939892053e+01 
       5.275263141501e-01       5.087184322467e+01 
       5.307251907846e-01       5.021315060517e+01 
       5.339240675574e-01       4.956401362271e+01 
       5.371229444661e-01       4.892534025967e+01 
       5.403218215082e-01       4.829797567976e+01 
       5.435206986814e-01       4.768226295392e+01 
       5.467195759834e-01       4.707850856927e+01 
       5.499184534119e-01       4.648624843448e+01 
       5.531173309647e-01       4.590498023685e+01 
       5.563162086397e-01       4.533458412563e+01 
       5.595150864348e-01       4.477545437754e+01 
       5.627139643478e-01       4.422717773235e+01 
       5.659128423769e-01       4.368980945071e+01 
       5.691117205200e-01       4.316286223818e+01 
       5.723105987752e-01       4.264558014211e+01 
       5.755094771407e-01       4.213703520485e+01 
       5.787083556146e-01       4.163655150268e+01 
       5.819072341951e-01       4.114358641658e+01 
       5.851061128805e-01       4.065811329841e+01 
       5.883049916691e-01       4.018014660708e+01 
       5.915038705591e-01       3.970970016795e+01 
       5.947027495490e-01       3.924657111469e+01 
       5.979016286371e-01       3.879043809802e+01 
       6.011005078219e-01       3.834093699204e+01 
       6.042993871017e-01       3.789783810734e+01 
       6.074982664752e-01       3.746121200216e+01 
       6.106971459408e-01       3.703129885770e+01 
       6.138960254972e-01       3.660855576253e+01 
       6.170949051427e-01       3.619310810382e+01 
       6.202937848762e-01       3.578496809919e+01 
       6.234926646963e-01       3.538380434148e+01 
       6.266915446015e-01       3.498913334768e+01 
       6.298904245906e-01       3.460073480061e+01 
       6.330893046624e-01       3.421838990271e+01 
       6.362881848155e-01       3.384205481198e+01 
       6.394870650489e-01       3.347182814129e+01 
       6.426859453611e-01       3.310763095038e+01 
       6.458848257512e-01       3.274922505862e+01 
       6.490837062179e-01       3.239620864199e+01 
       6.522825867600e-01       3.204819345824e+01 
       6.554814673766e-01       3.170485918169e+01 
       6.586803480665e-01       3.136618029117e+01 
       6.618792288286e-01       3.103224656789e+01 
       6.650781096619e-01       3.070322790503e+01 
       6.682769905654e-01       3.037922067193e+01 
       6.714758715380e-01       3.006012389313e+01 
       6.746747525789e-01       2.974569210800e+01 
       6.778736336869e-01       2.943579106565e+01 
       6.810725148612e-01       2.913003611836e+01 
       6.842713961008e-01       2.882854220759e+01 
       6.874702774049e-01       2.853144294009e+01 
       6.906691587724e-01       2.823883619915e+01 
       6.938680402026e-01       2.795078654190e+01 
       6.970669216946e-01       2.766715254700e+01 
       7.002658032475e-01       2.738766950634e+01 
       7.034646848605e-01       2.711206597246e+01 
       7.066635665328e-01       2.684013409582e+01 
       7.098624482635e-01       2.657185145316e+01 
       7.130613300519e-01       2.630724982212e+01 
       7.162602118973e-01       2.604641282256e+01 
       7.194590937987e-01       2.578936411246e+01 
       7.226579757556e-01       2.553596405228e+01 
       7.258568577672e-01       2.528600045034e+01 
       7.290557398327e-01       2.503926432652e+01 
       7.322546219514e-01       2.479560853568e+01 
       7.354535041227e-01       2.455505024912e+01 
       7.386523863458e-01       2.431771054313e+01 
       7.418512686201e-01       2.408366454787e+01 
       7.450501509449e-01       2.385303418778e+01 
       7.482490333196e-01       2.362557981902e+01 
       7.514479157436e-01       2.340117484756e+01 
       8.213165622076e-01       1.915781575852e+01 
       9.225448477297e-01       1.470713204510e+01 
       1.083599571933e+00       1.014921911690e+01 
       1.337902115014e+00       6.192137928550e+00 
       1.682219824251e+00       3.585932642340e+00 
       2.117754163176e+00       2.052020943635e+00 
       2.666094419192e+00       1.164657935508e+00 
       3.356414014514e+00       6.561510424893e-01 
       4.225474895374e+00       3.671959262612e-01 
       5.319557722685e+00       2.042343876698e-01 
       6.696926396594e+00       1.129606755351e-01 
       8.430930821587e+00       6.215710779673e-02 
       1.061391305637e+01       3.404180030832e-02 
       1.336212486524e+01       1.856224558010e-02 
       1.682191854842e+01       1.008073288748e-02 
       2.117754073574e+01       5.453608158144e-03 
       2.666094419153e+01       2.939698461739e-03 
       3.356414014514e+01       1.579008061031e-03 
       4.225474895374e+01       8.451698340903e-04 
       5.319557722685e+01       4.507409817524e-04 
