# Matter power spectrum P(k) at redshift z=3.2
# for k=1.03955e-05 to 53.1956 h/Mpc,
# number of wavenumbers equal to 620
#    1:k (h/Mpc)              2:P (Mpc/h)^3        
       1.039554593366e-05       4.710452252169e+00 
       2.321625872476e-05       1.019518485498e+01 
       3.608162361189e-05       1.557450789034e+01 
       4.902593216740e-05       2.090992618713e+01 
       6.208403777342e-05       2.623583621067e+01 
       7.529166351078e-05       3.157765272968e+01 
       8.868571980328e-05       3.695687311845e+01 
       1.023046360059e-04       4.239314121519e+01 
       1.161887101575e-04       4.790529741077e+01 
       1.303804811523e-04       5.351200793701e+01 
       1.449251275914e-04       5.923219626582e+01 
       1.598708975225e-04       6.508537434473e+01 
       1.752695731100e-04       7.109192200873e+01 
       1.911769739295e-04       7.727333910010e+01 
       2.076535019659e-04       8.365248555482e+01 
       2.247647303764e-04       9.025381670815e+01 
       2.425820365134e-04       9.710361908054e+01 
       2.611832773708e-04       1.042302472696e+02 
       2.806535022682e-04       1.116643608619e+02 
       3.010856929055e-04       1.194391585299e+02 
       3.225815145524e-04       1.275906013833e+02 
       3.452520536855e-04       1.361576152989e+02 
       3.692185065006e-04       1.451822584831e+02 
       3.946127691316e-04       1.547098326062e+02 
       4.215778641091e-04       1.647889123064e+02 
       4.502681190242e-04       1.754712609224e+02 
       4.808489937476e-04       1.868115915179e+02 
       5.134964341804e-04       1.988671308295e+02 
       5.483956171584e-04       2.116969378598e+02 
       5.857389482102e-04       2.253609308022e+02 
       6.257231883267e-04       2.399185909345e+02 
       6.685456253480e-04       2.554273217513e+02 
       7.143992765011e-04       2.719404849712e+02 
       7.634672135018e-04       2.895051689029e+02 
       8.159162353344e-04       3.081598063175e+02 
       8.718902605670e-04       3.279318055597e+02 
       9.315039436829e-04       3.488354044284e+02 
       9.948371036618e-04       3.708699839057e+02 
       1.061930554494e-03       3.940190428251e+02 
       1.132783826807e-03       4.182500067976e+02 
       1.207355072330e-03       4.435149085207e+02 
       1.285563181864e-03       4.697519226557e+02 
       1.367291876660e-03       4.968863325457e+02 
       1.452395310759e-03       5.248342022445e+02 
       1.540704590804e-03       5.535092370975e+02 
       1.632034595892e-03       5.828193900431e+02 
       1.726190550459e-03       6.126718062498e+02 
       1.822973935770e-03       6.429749808270e+02 
       1.922187482213e-03       6.736404956684e+02 
       2.023639132649e-03       7.045843058670e+02 
       2.127144985949e-03       7.357276547416e+02 
       2.232531311321e-03       7.669976306348e+02 
       2.339635769667e-03       7.983274270299e+02 
       2.448307994782e-03       8.296565370216e+02 
       2.558409683680e-03       8.609303486574e+02 
       2.669814329643e-03       8.921002314312e+02 
       2.782406710372e-03       9.231230658361e+02 
       2.896082221162e-03       9.539608986686e+02 
       3.010746122088e-03       9.845797279110e+02 
       3.126312750042e-03       1.014950828778e+03 
       3.242704731602e-03       1.045048679705e+03 
       3.359852221003e-03       1.074850994259e+03 
       3.477692178583e-03       1.104338776413e+03 
       3.596167698542e-03       1.133495385452e+03 
       3.715227390163e-03       1.162306942807e+03 
       3.834824813398e-03       1.190761145131e+03 
       3.954917967587e-03       1.218848007037e+03 
       4.075468830736e-03       1.246559024211e+03 
       4.196442945959e-03       1.273886934062e+03 
       4.317809051348e-03       1.300826252526e+03 
       4.439538749395e-03       1.327372396161e+03 
       4.561606212177e-03       1.353521716544e+03 
       4.683987918652e-03       1.379271526376e+03 
       4.806662420714e-03       1.404619892329e+03 
       4.929610134858e-03       1.429565718365e+03 
       5.052813156653e-03       1.454108367431e+03 
       5.176255095446e-03       1.478248271911e+03 
       5.299920927018e-03       1.501985666765e+03 
       5.423796862150e-03       1.525320919362e+03 
       5.547870229274e-03       1.548256813509e+03 
       5.672129369620e-03       1.570793905103e+03 
       5.796563543411e-03       1.592934681584e+03 
       5.921162845873e-03       1.614681314690e+03 
       6.045918131938e-03       1.636036792773e+03 
       6.170820948655e-03       1.657002598944e+03 
       6.295863474469e-03       1.677582360913e+03 
       6.421038464583e-03       1.697778415700e+03 
       6.546339201744e-03       1.717593992734e+03 
       6.671759451864e-03       1.737032731987e+03 
       6.797293423941e-03       1.756097391464e+03 
       6.922935733829e-03       1.774790685964e+03 
       7.048681371440e-03       1.793117275156e+03 
       7.174525671028e-03       1.811079345252e+03 
       7.300464284221e-03       1.828680575148e+03 
       7.426493155525e-03       1.845925447572e+03 
       7.552608500044e-03       1.862817304882e+03 
       7.678806783202e-03       1.879358142944e+03 
       7.805084702251e-03       1.895553571029e+03 
       7.931439169404e-03       1.911406470165e+03 
       8.057867296419e-03       1.926919503994e+03 
       8.184366380511e-03       1.942097622702e+03 
       8.310933891452e-03       1.956943377355e+03 
       8.437567459747e-03       1.971462232114e+03 
       8.564264865796e-03       1.985654998559e+03 
       8.691024029938e-03       1.999528468283e+03 
       8.817843003303e-03       2.013076231811e+03 
       8.944719959402e-03       2.026374757239e+03 
       9.071653186381e-03       2.039328716602e+03 
       9.198641079881e-03       2.051949514716e+03 
       9.325682136463e-03       2.064263617393e+03 
       9.452774947534e-03       2.076274492055e+03 
       9.579918193735e-03       2.087990578262e+03 
       9.707110639761e-03       2.099414565989e+03 
       9.834351129567e-03       2.110547185604e+03 
       9.961638581928e-03       2.121389046288e+03 
       1.008897198633e-02       2.131948651526e+03 
       1.021635039917e-02       2.142229527511e+03 
       1.034377294021e-02       2.152233442965e+03 
       1.047123878932e-02       2.161965100015e+03 
       1.059874718342e-02       2.171425054549e+03 
       1.072629741368e-02       2.180617407791e+03 
       1.085388882286e-02       2.189547568495e+03 
       1.098152080293e-02       2.198215409613e+03 
       1.110919279274e-02       2.206624404300e+03 
       1.123690427598e-02       2.214779055926e+03 
       1.136465477916e-02       2.222680642110e+03 
       1.149244386983e-02       2.230333103247e+03 
       1.162027115487e-02       2.237738573618e+03 
       1.174813627892e-02       2.244900975785e+03 
       1.187603892289e-02       2.251822742633e+03 
       1.200397880263e-02       2.258506195606e+03 
       1.213195566765e-02       2.264954533067e+03 
       1.225996929991e-02       2.271171063715e+03 
       1.238801951276e-02       2.277157867510e+03 
       1.251610614994e-02       2.282917861942e+03 
       1.264422908455e-02       2.288453987297e+03 
       1.277238821826e-02       2.293768594310e+03 
       1.290058348047e-02       2.298864878775e+03 
       1.302881482753e-02       2.303745157422e+03 
       1.315708224209e-02       2.308412111276e+03 
       1.328538573239e-02       2.312869053306e+03 
       1.341372533177e-02       2.317116876418e+03 
       1.354210109800e-02       2.321159631853e+03 
       1.367051311290e-02       2.324999207061e+03 
       1.379896148180e-02       2.328638781550e+03 
       1.392744633314e-02       2.332079498530e+03 
       1.405596781811e-02       2.335325130982e+03 
       1.418452611030e-02       2.338376898693e+03 
       1.431312140538e-02       2.341238093343e+03 
       1.444175392083e-02       2.343910936921e+03 
       1.457042389569e-02       2.346397736090e+03 
       1.469913159036e-02       2.348700336854e+03 
       1.482787728638e-02       2.350822437549e+03 
       1.495666128631e-02       2.352765710464e+03 
       1.508548391358e-02       2.354536628052e+03 
       1.521434551237e-02       2.356125116121e+03 
       1.534324644752e-02       2.357546367447e+03 
       1.547218710453e-02       2.358798942116e+03 
       1.560116788943e-02       2.359884167875e+03 
       1.573018922884e-02       2.360804129235e+03 
       1.585925156992e-02       2.361561091914e+03 
       1.598835538045e-02       2.362157043849e+03 
       1.611750114883e-02       2.362594278265e+03 
       1.624668938416e-02       2.362874565630e+03 
       1.637592061632e-02       2.363000165845e+03 
       1.650519539609e-02       2.362974552186e+03 
       1.663451429525e-02       2.362798931332e+03 
       1.676387790673e-02       2.362473339611e+03 
       1.689328684478e-02       2.362003399936e+03 
       1.702274174510e-02       2.361389228042e+03 
       1.715224326507e-02       2.360632923871e+03 
       1.728179208396e-02       2.359736399340e+03 
       1.741138890313e-02       2.358702816227e+03 
       1.754103444628e-02       2.357532636860e+03 
       1.767072945972e-02       2.356229340377e+03 
       1.780047471265e-02       2.354794052335e+03 
       1.793027099742e-02       2.353228832240e+03 
       1.806011912987e-02       2.351535039307e+03 
       1.819001994964e-02       2.349713552637e+03 
       1.831997432051e-02       2.347773400863e+03 
       1.844998313077e-02       2.345705838408e+03 
       1.858004729358e-02       2.343518899341e+03 
       1.871016774738e-02       2.341216195406e+03 
       1.884034545629e-02       2.338793362849e+03 
       1.897058141053e-02       2.336257457415e+03 
       1.910087662686e-02       2.333608244309e+03 
       1.923123214907e-02       2.330847319537e+03 
       1.936164904842e-02       2.327976944703e+03 
       1.949212842419e-02       2.324997375881e+03 
       1.962267140414e-02       2.321916009975e+03 
       1.975327914506e-02       2.318725232665e+03 
       1.988395283336e-02       2.315436689178e+03 
       2.001469368562e-02       2.312042718853e+03 
       2.014550294914e-02       2.308555111683e+03 
       2.027638190265e-02       2.304969372887e+03 
       2.040733185685e-02       2.301284986571e+03 
       2.053835415511e-02       2.297508108029e+03 
       2.066945017417e-02       2.293640177218e+03 
       2.080062132478e-02       2.289679227334e+03 
       2.093186905248e-02       2.285628007676e+03 
       2.106319483831e-02       2.281493579672e+03 
       2.119460019958e-02       2.277270182096e+03 
       2.132608669070e-02       2.272964099842e+03 
       2.145765590396e-02       2.268574636579e+03 
       2.158930947039e-02       2.264103096814e+03 
       2.172104906064e-02       2.259552458123e+03 
       2.185287638586e-02       2.254924210502e+03 
       2.198479319866e-02       2.250214726736e+03 
       2.211680129404e-02       2.245440969783e+03 
       2.224890251037e-02       2.240589589847e+03 
       2.238109873044e-02       2.235658676575e+03 
       2.251339188248e-02       2.230663058493e+03 
       2.264578394127e-02       2.225596194306e+03 
       2.277827692923e-02       2.220463776501e+03 
       2.291087291758e-02       2.215267140458e+03 
       2.304357402754e-02       2.209997952015e+03 
       2.317638243154e-02       2.204667266250e+03 
       2.330930035449e-02       2.199278009038e+03 
       2.344233007508e-02       2.193834322319e+03 
       2.357547392713e-02       2.188318218277e+03 
       2.370873430097e-02       2.182751447746e+03 
       2.384211364487e-02       2.177122927786e+03 
       2.397561446655e-02       2.171442434458e+03 
       2.410923933465e-02       2.165706164125e+03 
       2.424299088034e-02       2.159919418203e+03 
       2.437687179893e-02       2.154077439302e+03 
       2.451088485157e-02       2.148184934442e+03 
       2.464503286695e-02       2.142247317491e+03 
       2.477931874311e-02       2.136258416362e+03 
       2.491374544928e-02       2.130220676525e+03 
       2.504831602780e-02       2.124139086977e+03 
       2.518303359606e-02       2.118018918265e+03 
       2.531790134858e-02       2.111851505110e+03 
       2.545292255909e-02       2.105638251566e+03 
       2.558810058270e-02       2.099386402169e+03 
       2.572343885821e-02       2.093098842253e+03 
       2.585894091033e-02       2.086768010441e+03 
       2.599461035220e-02       2.080399712865e+03 
       2.613045088782e-02       2.073998437174e+03 
       2.626646631462e-02       2.067558195751e+03 
       2.640266052619e-02       2.061084781076e+03 
       2.653903751497e-02       2.054576385503e+03 
       2.667560137515e-02       2.048041953377e+03 
       2.681235630561e-02       2.041470045257e+03 
       2.694930661304e-02       2.034875478390e+03 
       2.708645671503e-02       2.028245887978e+03 
       2.722381114346e-02       2.021578736161e+03 
       2.736137454784e-02       2.014897824699e+03 
       2.749915169889e-02       2.008179882221e+03 
       2.763714749221e-02       2.001448970420e+03 
       2.777536695208e-02       1.994687168662e+03 
       2.791381523543e-02       1.987906550690e+03 
       2.805249763591e-02       1.981096315392e+03 
       2.819141958821e-02       1.974263361423e+03 
       2.833058667240e-02       1.967413808434e+03 
       2.847000461863e-02       1.960543942278e+03 
       2.860967931181e-02       1.953654056328e+03 
       2.874961679664e-02       1.946744201315e+03 
       2.888982328275e-02       1.939814964882e+03 
       2.903030515006e-02       1.932874890881e+03 
       2.917106895438e-02       1.925917756875e+03 
       2.931212143323e-02       1.918943942371e+03 
       2.945346951187e-02       1.911950527479e+03 
       2.959512030961e-02       1.904950648229e+03 
       2.973708114638e-02       1.897935144351e+03 
       2.987935954958e-02       1.890904421299e+03 
       3.002196326119e-02       1.883861451619e+03 
       3.016490024521e-02       1.876812788994e+03 
       3.030817869544e-02       1.869751512057e+03 
       3.045180704355e-02       1.862678661441e+03 
       3.059579396754e-02       1.855601182037e+03 
       3.074014840054e-02       1.848508199396e+03 
       3.088487954009e-02       1.841412651607e+03 
       3.102999685771e-02       1.834312077854e+03 
       3.117551010899e-02       1.827193759769e+03 
       3.132142934416e-02       1.820078367563e+03 
       3.146776491904e-02       1.812957064988e+03 
       3.161452750668e-02       1.805825722141e+03 
       3.176172810933e-02       1.798697909759e+03 
       3.190937807119e-02       1.791560074638e+03 
       3.205748909164e-02       1.784425000604e+03 
       3.220607323913e-02       1.777280349675e+03 
       3.235514296583e-02       1.770133802654e+03 
       3.250471112290e-02       1.762986390692e+03 
       3.265479097661e-02       1.755836312964e+03 
       3.280539622520e-02       1.748681339817e+03 
       3.295654101666e-02       1.741533396061e+03 
       3.310823996743e-02       1.734376574968e+03 
       3.326050818198e-02       1.727230916759e+03 
       3.341336127357e-02       1.720076475616e+03 
       3.356681538599e-02       1.712925582069e+03 
       3.372088721650e-02       1.705770817996e+03 
       3.387559404007e-02       1.698623352604e+03 
       3.403095373488e-02       1.691472579306e+03 
       3.418698480928e-02       1.684325446803e+03 
       3.434370643024e-02       1.677186081835e+03 
       3.450113845343e-02       1.670042616190e+03 
       3.465930145501e-02       1.662908737172e+03 
       3.481821676531e-02       1.655767247964e+03 
       3.497790650440e-02       1.648633112287e+03 
       3.513839361987e-02       1.641503550506e+03 
       3.529970192680e-02       1.634379365830e+03 
       3.546185615025e-02       1.627255671325e+03 
       3.562488197025e-02       1.620136481395e+03 
       3.578880606969e-02       1.613018435956e+03 
       3.595365618517e-02       1.605901915632e+03 
       3.611946116117e-02       1.598793402753e+03 
       3.628625100759e-02       1.591685809153e+03 
       3.645405696120e-02       1.584589631739e+03 
       3.662291155106e-02       1.577489726663e+03 
       3.679284866841e-02       1.570396519460e+03 
       3.696390364122e-02       1.563307608971e+03 
       3.713611331400e-02       1.556224240260e+03 
       3.730951613305e-02       1.549142085155e+03 
       3.748415223790e-02       1.542067226414e+03 
       3.766006355916e-02       1.534989645543e+03 
       3.783729392360e-02       1.527921867710e+03 
       3.801588916695e-02       1.520852099714e+03 
       3.819589725515e-02       1.513786135368e+03 
       3.837736841482e-02       1.506729538484e+03 
       3.856035527375e-02       1.499669252891e+03 
       3.874491301246e-02       1.492610904875e+03 
       3.893109952773e-02       1.485557690651e+03 
       3.911897560932e-02       1.478503814241e+03 
       3.930860513123e-02       1.471456486021e+03 
       3.950005525877e-02       1.464407284207e+03 
       3.969339667327e-02       1.457358895207e+03 
       3.988870381591e-02       1.450311510622e+03 
       4.008605515304e-02       1.443261692712e+03 
       4.028553346491e-02       1.436210855549e+03 
       4.048722616051e-02       1.429162453927e+03 
       4.069122562140e-02       1.422113897230e+03 
       4.089762957753e-02       1.415056574333e+03 
       4.110654151897e-02       1.408001655116e+03 
       4.131807114740e-02       1.400939305888e+03 
       4.153233487216e-02       1.393872957092e+03 
       4.174945635618e-02       1.386801346160e+03 
       4.196956711777e-02       1.379725282013e+03 
       4.219280719523e-02       1.372639372967e+03 
       4.241932588217e-02       1.365544273594e+03 
       4.264928254266e-02       1.358444084657e+03 
       4.288284751670e-02       1.351329520051e+03 
       4.312020312800e-02       1.344203877058e+03 
       4.336154480817e-02       1.337066705356e+03 
       4.360708235341e-02       1.329914796894e+03 
       4.385704133272e-02       1.322746121752e+03 
       4.411166466950e-02       1.315558625209e+03 
       4.437121442248e-02       1.308353783171e+03 
       4.463597379617e-02       1.301125147523e+03 
       4.490624941661e-02       1.293873867138e+03 
       4.518237391452e-02       1.286597934671e+03 
       4.546470886602e-02       1.279296170567e+03 
       4.575364815048e-02       1.271957406276e+03 
       4.604962179678e-02       1.264590842062e+03 
       4.635310040348e-02       1.257184082547e+03 
       4.666460023582e-02       1.249740501270e+03 
       4.698468912418e-02       1.242249542877e+03 
       4.731399331514e-02       1.234716884291e+03 
       4.765320545965e-02       1.227127897746e+03 
       4.800309396416e-02       1.219484684209e+03 
       4.836451398262e-02       1.211776860610e+03 
       4.873842039279e-02       1.204003684537e+03 
       4.912588318267e-02       1.196153867560e+03 
       4.952810577815e-02       1.188223449175e+03 
       4.994644697591e-02       1.180199220995e+03 
       5.038244731550e-02       1.172075599916e+03 
       5.083786094101e-02       1.163840417314e+03 
       5.131469427834e-02       1.155482607570e+03 
       5.181525320399e-02       1.146981651827e+03 
       5.234220082169e-02       1.138322728071e+03 
       5.289862851019e-02       1.129484914796e+03 
       5.348814356721e-02       1.120443933819e+03 
       5.411497753953e-02       1.111164193803e+03 
       5.478412013664e-02       1.101612716981e+03 
       5.550148430854e-02       1.091737954553e+03 
       5.627410824320e-02       1.081484315498e+03 
       5.711039889327e-02       1.070770042296e+03 
       5.802041754952e-02       1.059495110047e+03 
       5.901619785973e-02       1.047530723384e+03 
       6.011206507084e-02       1.034699847384e+03 
       6.132488337632e-02       1.020771297260e+03 
       6.267408469701e-02       1.005429534259e+03 
       6.418122002103e-02       9.882669674288e+02 
       6.586864445081e-02       9.687574344959e+02 
       6.775689885323e-02       9.462713383628e+02 
       6.986061636220e-02       9.201242598768e+02 
       7.218363809309e-02       8.897262363076e+02 
       7.471532286577e-02       8.547790879738e+02 
       7.743061359448e-02       8.155116300694e+02 
       8.029481089186e-02       7.727863070279e+02 
       8.327090758802e-02       7.280238379228e+02 
       8.632586216219e-02       6.829554288894e+02 
       8.943371231427e-02       6.393261254678e+02 
       9.257581503174e-02       5.986379520760e+02 
       9.573957740130e-02       5.619936176561e+02 
       9.891682772534e-02       5.300358015749e+02 
       1.021023973755e-01       5.029553747414e+02 
       1.052930691554e-01       4.805514473277e+02 
       1.084868602137e-01       4.623135043229e+02 
       1.116825557654e-01       4.475055385725e+02 
       1.148794142178e-01       4.352558417178e+02 
       1.180769837523e-01       4.246416027283e+02 
       1.212749893616e-01       4.147712402955e+02 
       1.244732636930e-01       4.048586385914e+02 
       1.276717048613e-01       3.942924194833e+02 
       1.308702507698e-01       3.826776731976e+02 
       1.340688634988e-01       3.698572499695e+02 
       1.372675198226e-01       3.559012641918e+02 
       1.404662054497e-01       3.410687979652e+02 
       1.436649115263e-01       3.257520262044e+02 
       1.468636325124e-01       3.104099936813e+02 
       1.500623648926e-01       2.955062046470e+02 
       1.532611063917e-01       2.814513047595e+02 
       1.564598554981e-01       2.685762575487e+02 
       1.596586111737e-01       2.570926588882e+02 
       1.628573726770e-01       2.470920849606e+02 
       1.660561394544e-01       2.385567702279e+02 
       1.692549110741e-01       2.313687499938e+02 
       1.724536871851e-01       2.253322948653e+02 
       1.756524674918e-01       2.201949303294e+02 
       1.788512517378e-01       2.156844108837e+02 
       1.820500396958e-01       2.115285010824e+02 
       1.852488311610e-01       2.075073674559e+02 
       1.884476259469e-01       2.033522644705e+02 
       1.916464238816e-01       1.988986919828e+02 
       1.948452248065e-01       1.940496603596e+02 
       1.980440285741e-01       1.887863451917e+02 
       2.012428350467e-01       1.831574527448e+02 
       2.044416440959e-01       1.772727197452e+02 
       2.076404556014e-01       1.712710045106e+02 
       2.108392694504e-01       1.653016083772e+02 
       2.140380855368e-01       1.595088615157e+02 
       2.172369037610e-01       1.540088069248e+02 
       2.204357240293e-01       1.488928303311e+02 
       2.236345462532e-01       1.442195028579e+02 
       2.268333703495e-01       1.400150161798e+02 
       2.300321962395e-01       1.362808953824e+02 
       2.332310238489e-01       1.329805435837e+02 
       2.364298531074e-01       1.300648474534e+02 
       2.396286839485e-01       1.274575952101e+02 
       2.428275163094e-01       1.250695793750e+02 
       2.460263501302e-01       1.228113145541e+02 
       2.492251853545e-01       1.206017698435e+02 
       2.524240219285e-01       1.183702469166e+02 
       2.556228598014e-01       1.160692739585e+02 
       2.588216989245e-01       1.136725522696e+02 
       2.620205392519e-01       1.111715519066e+02 
       2.652193807397e-01       1.085751544050e+02 
       2.684182233461e-01       1.059066893194e+02 
       2.716170670316e-01       1.032001543253e+02 
       2.748159117580e-01       1.005009996291e+02 
       2.780147574893e-01       9.785207961036e+01 
       2.812136041910e-01       9.529799961819e+01 
       2.844124518303e-01       9.287467566973e+01 
       2.876113003755e-01       9.060728641556e+01 
       2.908101497967e-01       8.850663892618e+01 
       2.940090000651e-01       8.657383209398e+01 
       2.972078511533e-01       8.479544210272e+01 
       3.004067030348e-01       8.315327153054e+01 
       3.036055556845e-01       8.162403079634e+01 
       3.068044090783e-01       8.018240590069e+01 
       3.100032631929e-01       7.880261158801e+01 
       3.132021180062e-01       7.745986384943e+01 
       3.164009734969e-01       7.613209590282e+01 
       3.195998296445e-01       7.480032007740e+01 
       3.227986864295e-01       7.345254812144e+01 
       3.259975438329e-01       7.208301321071e+01 
       3.291964018366e-01       7.069330577315e+01 
       3.323952604233e-01       6.929060272786e+01 
       3.355941195762e-01       6.788652514024e+01 
       3.387929792791e-01       6.649394115468e+01 
       3.419918395166e-01       6.512517622279e+01 
       3.451907002738e-01       6.379242194713e+01 
       3.483895615362e-01       6.250476837004e+01 
       3.515884232900e-01       6.126966645121e+01 
       3.547872855218e-01       6.009275926350e+01 
       3.579861482188e-01       5.897666140131e+01 
       3.611850113686e-01       5.792041405293e+01 
       3.643838749592e-01       5.692004481554e+01 
       3.675827389790e-01       5.596847865143e+01 
       3.707816034168e-01       5.505673218967e+01 
       3.739804682620e-01       5.417531493281e+01 
       3.771793335040e-01       5.331540457541e+01 
       3.803781991329e-01       5.246996356229e+01 
       3.835770651390e-01       5.163392583930e+01 
       3.867759315127e-01       5.080403979970e+01 
       3.899747982451e-01       4.997839090139e+01 
       3.931736653273e-01       4.915628859031e+01 
       3.963725327509e-01       4.833814076415e+01 
       3.995714005075e-01       4.752551846689e+01 
       4.027702685894e-01       4.672128816842e+01 
       4.059691369886e-01       4.592883650002e+01 
       4.091680056978e-01       4.515241393701e+01 
       4.123668747098e-01       4.439552008632e+01 
       4.155657440174e-01       4.366063271510e+01 
       4.187646136139e-01       4.294896839318e+01 
       4.219634834927e-01       4.226080074285e+01 
       4.251623536474e-01       4.159553026759e+01 
       4.283612240718e-01       4.095209673098e+01 
       4.315600947599e-01       4.032941995317e+01 
       4.347589657059e-01       3.972614799510e+01 
       4.379578369040e-01       3.914049927390e+01 
       4.411567083487e-01       3.857047622937e+01 
       4.443555800348e-01       3.801341603784e+01 
       4.475544519570e-01       3.746676068445e+01 
       4.507533241103e-01       3.692832748374e+01 
       4.539521964898e-01       3.639661271667e+01 
       4.571510690906e-01       3.587079656481e+01 
       4.603499419083e-01       3.535090320610e+01 
       4.635488149382e-01       3.483728573730e+01 
       4.667476881761e-01       3.433055345603e+01 
       4.699465616175e-01       3.383118722126e+01 
       4.731454352585e-01       3.333969236361e+01 
       4.763443090949e-01       3.285670111942e+01 
       4.795431831229e-01       3.238307474691e+01 
       4.827420573385e-01       3.191982042886e+01 
       4.859409317382e-01       3.146785696242e+01 
       4.891398063183e-01       3.102775991236e+01 
       4.923386810752e-01       3.059956956543e+01 
       4.955375560055e-01       3.018272778505e+01 
       4.987364311058e-01       2.977628679479e+01 
       5.019353063730e-01       2.937914905224e+01 
       5.051341818038e-01       2.899034554360e+01 
       5.083330573951e-01       2.860915150435e+01 
       5.115319331440e-01       2.823491319788e+01 
       5.147308090474e-01       2.786720851412e+01 
       5.179296851024e-01       2.750540961801e+01 
       5.211285613064e-01       2.714893327517e+01 
       5.243274376565e-01       2.679729845867e+01 
       5.275263141501e-01       2.645021085693e+01 
       5.307251907846e-01       2.610773151798e+01 
       5.339240675574e-01       2.577022052459e+01 
       5.371229444661e-01       2.543814996474e+01 
       5.403218215082e-01       2.511198624037e+01 
       5.435206986814e-01       2.479185231145e+01 
       5.467195759834e-01       2.447793696374e+01 
       5.499184534119e-01       2.416998182048e+01 
       5.531173309647e-01       2.386775096528e+01 
       5.563162086397e-01       2.357118018720e+01 
       5.595150864348e-01       2.328046729322e+01 
       5.627139643478e-01       2.299539739156e+01 
       5.659128423769e-01       2.271599922945e+01 
       5.691117205200e-01       2.244201956840e+01 
       5.723105987752e-01       2.217306481783e+01 
       5.755094771407e-01       2.190867412741e+01 
       5.787083556146e-01       2.164845341963e+01 
       5.819072341951e-01       2.139214189659e+01 
       5.851061128805e-01       2.113972657403e+01 
       5.883049916691e-01       2.089121321329e+01 
       5.915038705591e-01       2.064660993272e+01 
       5.947027495490e-01       2.040581125404e+01 
       5.979016286371e-01       2.016865009487e+01 
       6.011005078219e-01       1.993493713030e+01 
       6.042993871017e-01       1.970455293426e+01 
       6.074982664752e-01       1.947753328604e+01 
       6.106971459408e-01       1.925400482088e+01 
       6.138960254972e-01       1.903420433756e+01 
       6.170949051427e-01       1.881819703245e+01 
       6.202937848762e-01       1.860598926326e+01 
       6.234926646963e-01       1.839740872160e+01 
       6.266915446015e-01       1.819220402725e+01 
       6.298904245906e-01       1.799026062868e+01 
       6.330893046624e-01       1.779146476256e+01 
       6.362881848155e-01       1.759579363138e+01 
       6.394870650489e-01       1.740329850505e+01 
       6.426859453611e-01       1.721393833704e+01 
       6.458848257512e-01       1.702758928620e+01 
       6.490837062179e-01       1.684404242810e+01 
       6.522825867600e-01       1.666309590065e+01 
       6.554814673766e-01       1.648458315490e+01 
       6.586803480665e-01       1.630849092204e+01 
       6.618792288286e-01       1.613486588331e+01 
       6.650781096619e-01       1.596379637316e+01 
       6.682769905654e-01       1.579533249793e+01 
       6.714758715380e-01       1.562942175686e+01 
       6.746747525789e-01       1.546593652555e+01 
       6.778736336869e-01       1.530480700201e+01 
       6.810725148612e-01       1.514583319321e+01 
       6.842713961008e-01       1.498907486190e+01 
       6.874702774049e-01       1.483460147566e+01 
       6.906691587724e-01       1.468246392802e+01 
       6.938680402026e-01       1.453269578495e+01 
       6.970669216946e-01       1.438522351584e+01 
       7.002658032475e-01       1.423990948857e+01 
       7.034646848605e-01       1.409661256677e+01 
       7.066635665328e-01       1.395522468140e+01 
       7.098624482635e-01       1.381572153728e+01 
       7.130613300519e-01       1.367814506490e+01 
       7.162602118973e-01       1.354252596810e+01 
       7.194590937987e-01       1.340887654753e+01 
       7.226579757556e-01       1.327712419894e+01 
       7.258568577672e-01       1.314715859535e+01 
       7.290557398327e-01       1.301887107961e+01 
       7.322546219514e-01       1.289218514525e+01 
       7.354535041227e-01       1.276710972043e+01 
       7.386523863458e-01       1.264370775788e+01 
       7.418512686201e-01       1.252201832103e+01 
       7.450501509449e-01       1.240210480344e+01 
       7.482490333196e-01       1.228384260519e+01 
       7.514479157436e-01       1.216716590501e+01 
       8.213165622076e-01       9.960881746966e+00 
       9.225448477297e-01       7.646801579454e+00 
       1.083599571933e+00       5.276968718719e+00 
       1.337902115014e+00       3.219529304497e+00 
       1.682219824251e+00       1.864466300819e+00 
       2.117754163176e+00       1.066926738461e+00 
       2.666094419192e+00       6.055525616960e-01 
       3.356414014514e+00       3.411597262834e-01 
       4.225474895374e+00       1.909206938341e-01 
       5.319557722685e+00       1.061905024366e-01 
       6.696926396594e+00       5.873358916868e-02 
       8.430930821587e+00       3.231909164111e-02 
       1.061391305637e+01       1.770053491996e-02 
       1.336212486524e+01       9.651981816088e-03 
       1.682191854842e+01       5.241923430791e-03 
       2.117754073574e+01       2.836049162693e-03 
       2.666094419153e+01       1.528883110769e-03 
       3.356414014514e+01       8.213454404817e-04 
       4.225474895374e+01       4.397397230601e-04 
       5.319557722685e+01       2.346113336420e-04 
